1002712065
1006598218
1006930184
1011552124422
1031437520
1039824221
1041099406
1047779848
1048926870
1061730406
1062031207
1073728041
1101947645
1104257052
1111903541
1111913019980
1112993465
1149069550
1150764131
1154397505
1160502352
1179686181
1198837506
1199762360
1217527669
1219279601
1221059300625
1221215469
12215228
1227965004
1235867110
1236481888
1237671492
1239207800
1243079737
1243297475
1250597363
1252189304
1267692970
1271623733
1278731354
1283681260
1299787792
1306995097
1310306088830
1311709713229
131434476
1315974701
131738180
131879009
1320194522183
1323501875
1323549633
1332684016
1334948694
1341360358
134287257
1347591135
1349696634
1352416560
1355580097
1360365504
1363677797
1382020911
1403527902
1408627087
1409907717
1410852142
1411043670781
141887125
1422029666934
142669204
1432691378
1432876636
1433609927
1434093210
1442253792
1447130828
1454967205
1456544767
1457212135
1466343753
1476914621
1479393200
1481902067
1485014657
1510843523410
1511187220575
1511792640827
1514558678
1520106890
1520967177021
15211541027982
15211541027983
15211541027986
15211541027987
15211541027998
15211541028002
15211541028004
15211541028005
15211541028006
15211541028007
15211541028011
1530346085
1534626900
1536901417
1542383729
1555010699
1556390006
1560023173
1579663759
1585029841
1592444428
1607075605
1608347072
1610496495
1611443423718
1614047588
1614509524
1621060592225
1622200447
1636421638
1640686017
1645439330
1650307256
165806898
166460326
1668334308
1672618292
1680895760
1683267130
1697941494
1700651876
1720176884
1721473435020
1721501296
1728603825
1729521187
1733919270
1737092063
1738513883
1742790734
1758793470
1761741921
1769369696
1774018965
1775183927
1788872105
1794897186
1797170683
180079427
1802780510
1805918732
1808024318
1810476507627
1820112634192
1820228882
1820621673756
1821134312
18321796374495
1838748896
1855310993
1859406141
1862844205
186605902
1866777393
1879636657
1888657502
188906170
1897086949
1898196271
1910501681954
1910967296631
1911170674233
1911615904827
1911764466115
1914363032
1920333672
1920577020870
1922672115
1926583984
1927459336
1937728215
1943201441
1950931230
1951991145
195306503
1957013423
1970950954
1974090709
1979585839
1986210186
1986878892
1992532911
1997216187
1999744096
2006395739
2008233021
2010022327093
2010349694860
2010564111572
2011194436386
2011320042600
2011455432077
2016985961
2018528687
2020411626031
2020942007672
2021690876378
2021758280227
2033510625
2038959175
2044494848
2056014184
2058594324
206644287
2072701023
2094135052
2108258635
2110037630912
2110049838921
2110780951116
2111360914830
2111568621127
2112012650997
2119880144
2120296978272
2121160846022
2121250443857
2121946724990
2125303942
2135499416
2143134866
2145211210
2146765243
2155437395
2159334770
2186547101
218816294
2192430096
2200994369
220275461
2207557761
2207678993
2209503771
2210062139418
2210929792666
2211019968964
2211581922820
2211615169856
2212396415
2215969099
221719362
2220616391790
2220649144959
2221070979604
2221620969646
2222260137
2226107462
2228736298
2229693739
2235041609
2247165814
2247261133
2248019169
2248547567
225108758
2255551680
2255996736
2261814275
2265953812
2286844850
2291346968
2293868659
2305890188
2306206387
2310003785690
2311219941942
2311296811385
2311714614847
2311849919312
2313951025
2318112555
2320359749436
2321045855211
2321646038739
2321957009384
2334369394
2335382508
233853451
2342918800
2347641660
2350164646
2352008713
2358780022
2365331415
2365411302
2366444474
2370861135
2371089963
2386220524
238895751
2401352456
240752712
2410166515848
2410187153669
2410226966401
2410352615991
2410496261192
2410587510
2411125551019
2411525431005
2411599176558
2411820450012
2414063538
2419313453
2420203568021
2420990622790
2421080631642
2421365404017
2421517850763
2426063645
2426769188
2428286844
242869498
2435476801
2443790774
2444497222
2448422218
2450073601
2452965002
2459556657
2465823980
247166990
2472342251
2477481175
2478354180
2486483832
2495735419
2505170913
2508930097
2510355873271
2510803352
2510965754766
2511177665352
2514133835
2514178323
2520347717591
2520363798302
2520561244259
2520926794325
2521112492859
2521319517287
2521585475878
2521904912251
2521972965619
2522787061
2531986023
2532134782
2544332199
255140825
2557498305
255828126
2566297941
2568833479
2572505645
2574715197
2577642328
2579279226
2581583923
2582050117
2586650892
2586994214
2594714726
259828454
2602223253
2610032925598
2610161938313
2610376442062
2610476853894
2610766954329
2610909410074
2611468224541
2611577632404
2611667535867
2611696300440
2611796958034
2620088367057
2620555201638
2621280529473
2628035659
2639746038
2641124591
2648602237
2650028177
2665927074
2667787286
2668718635
2668938603
2673632795
2681877859
268584971
2690262338
2693460319
2695925525
2705116348
2710246657915
2710254131375
2710431208428
2710500486399
2710662316751
2710682044512
2711106578457
2711196366065
2711340716410
2711353302968
2711368754867
2711782094655
2711977280210
2715620879
2719009538
2719770657
2720480537313
2721200526769
2721216753901
2721237196131
2721252316
2721904423602
272195692
2726415035
2729732753
2730290438
2738358652
2750559534
275844998
2760522020
2764575254
2772213972
2773956814
2804416685
2810275700678
2810912988649
2810936327
2811521822876
2811921780044
2811999029788
2819010963
2820091673947
2820199188989
2820520221806
2820536305740
2820601687039
2821202638033
2821608155459
2821676868042
2823440529
2830525945
2837604921
2850470667
2858764984
2860696578
2864525708
2867482404
2872583930
2883530986
2892139816
290020390
2903062181
290928573
2910271956624
2911360719587
2911405797829
2911530603779
2911557682683
2911831268
2911838782103
2915943890
2920101103015
2920583412062
2921104917005
2921166808976
2921360047528
2921362936418
2921394206621
2921416012426
2921724317701
2921791770781
2921799039950
2922113685368
2922688282
2924523892
292514718
29307648
2931060061
2931858413
2957059063
2967758990
2972019315
2985032490
2989799922
2990316693
3004321152
3007020135
3007813725
3010000082900
3010501795810
3010562834924
3010655986191
3010700782021
3010756796734
3010835324459
3010934858111
3011064769857
3011071920472
3011099939403
3011101225363
3011284629871
3011568009336
3012102368775
3020090273686
3020125289929
3020307658566
3020376786800
3020648618539
3020791948877
3021215667324
3021223643247
3021694539289
3027664981
3035693949
3036114899
3046774934
3047043981
3047955119
3052113724
3055714574
3057628425
3082666983
3083447975
308348352
3085521600
3086867668
3088100347
3094922918
3098237287
3098269207
3099923539
3104249826
3108509681
3110456953880
3110481509096
3110524404095
3110740047693
3110862154406
3110899883
3111194831746
3112114227488
3112153496
3116508836
3117025137
3120003400606
3120024371076
3120159080685
3120206055161
3120393727245
3120483582571
3121204765180
3121261505870
3121493845732
3135714097
3136071793
3144877801
3150204282
3163521573
3169639808
3172089732
3173018057
3176167055
3178791555
3180370882
3210831940702
3210904466
3210997498038
3211056254101
3211389493314
3211551007061
3211616533737
3211666874803
3211810314877
3211863554699
3212020042269
3212712837
3220908814632
3220941312017
3220964052679
3221430363663
3221732066751
3222131545730
3226817201
3227153769
3231755289
3242365620
3250133351
325094205
3251898224
3261664919
3268988959
3273243002
3292238786
3292665240
3295584500
3306617806
330882269
3310166071547
3310177499046
3310250696724
3310259424991
3310385030
3310445819491
3310550299620
3311116920892
3311419322730
3312081504083
3313868589
3315520078
3316676498
3320227092356
3320717908713
3321132904217
3321301695148
3321491169130
3321601264319
3321828875320
332312561
3323811348
3324958103
3333532457
3340732123
3348112616
3348641734
3352150828
3356363050
3370035188
3370368593
3370628389
3377750773
3381603586
3385023924
3391901990
3399098425
3408130812
3410196989550
3410322457508
3410399299596
3410834088813
3410917289192
3411255390995
3411305948843
3411912223581
3420255161099
3420357842898
3420560852637
3420574142902
3421102455376
3421267733816
3421338124169
342154210
3421627153801
3421725849487
3421761079910
3421852654156
3421963943954
3426841689
3429333208
3432606367
3439708797
3442463386
345007414
3451410530
3466516079
346867792
3472293349
3480244882
3481510122
3486963667
3491337573
3494071564
3497159203
3502618150
3508825535
3510663175574
3510696954122
3511062293829
3511281405452
3511795720162
3511873523744
3511882252011
3511883672121
3511986382909
3513620632
3515281005
3520060536264
3520543343864
3520967948023
3521968710
3526429522
3538099968
3548855457
3559461481
3561108771
3561738242
3574040724
3574303452
357537479
3576224077
3583519698
3586055316
3593506291
3596460801
3599024516
3603536636
360473563
3610476121851
3610652393626
3610982769474
3611092942280
3611309702435
3611853293924
3612142899471
3618734417
3620401010125
3620599119321
3620897710
3621288983282
3621650929265
3621654124271
3621792822569
3621848741462
3621917782834
3621950555402
3622850405
3634289983
3637070986
3653102784
3665408859
3666270899
3690176919
3702297857
3710680897670
3711688070288
3717001423
3718727717
3719359530
3720213272381
3721327500
3721581941470
3721649544922
3721930753975
3727455849
3732917189
3734087168
3735359696
3744562633
3754750319
3757293999
3764878449
37721669146431
37721669146433
37721669146434
37721669146435
37721669146437
37721669146438
37721669146439
37721669146440
37721669146441
37721669146442
37721669146443
37721669146444
37721669146446
37721669146447
37721669146448
37721669146449
37721669146452
37721669146453
37721669146454
37721669146455
37721669146456
37721669146457
37721669146458
37721669146459
37721669146460
37721669146462
37721669146464
37721669146465
37721669146466
37721669146467
37721669146469
37721669146471
37721669146472
37721669146473
37721669146474
37721669146475
37721669146476
37721669146477
37721669146478
37721669146479
37721669146480
37721669146481
37721669146482
37721669146483
3773008915
3773368881
3774784397
3777611581
3780696410
3784811137
3788568798
3809745434
3810937269245
3811662511181
3812050437365
3815705835
3820266553960
3820774462086
3820839146462
3821015667247
3821498230576
3822064359214
3826007499
3828603355
3840252608
3858979584
3865832521
3869279455
3872059779
3897142981
3897400963
3900884986
3909939884
3910499767416
3910792087089
3911016019195
3911153264
3911306795578
3911855712381
3912730595
3914584370
3916637722
3916801635
3920655452423
3920684722001
3953290789
3960711559
3961385587
3982475578
3983804852
3990887217
3997652831
3998445995
4000658938
4010038030772
4010418705299
4010587705361
4011250923851
4013781972
4013895981
4020178464799
4020370961258
4020785196705
4020965979498
4021882770486
4022877346
4030790599
4041036293
4047595703
4047623125
4056894207
4070787647
407195896
4072050281
4075841438
4081533008
4093812814
4097565281
4105392388
4105674773
4110197611717
4110420639909
4110803011044
4111083226916
4111192037900
4111281168062
4111581111075
4111810936448
4112609830
411337774
412001721
4120216773054
4121196238324
4121283027544
4121964814388
4125235027
4136876684
4142655538
4145676203
4145755515
41520782626695
4155206535
4158724125
4171085089
4178903001
4186134223
4189457540
4192754100
4196495263
4204307140
4210303360635
4210381967006
4210388195434
4210575717760
4210617662878
4210970153097
4211616204995
4211758077
4211991917315
4220088934034
4220563625165
4220591838229
4220667750626
4220738090549
4221064374875
4221271618914
4221645993704
4227691258
4228833910
4233103602
4234648086
4234798346
4235301729
4235434049
4238032680
4246372718
4251180261
4254984164
4256683851
4275419529
4285473278
4290731712
4292787816
4294386103
4294386104
4294386817
4294386818
4294386819
4294386820
4294386821
4294386823
4294386826
4294386827
4294386829
4294386831
4294386834
4294386835
4294386837
4294386841
4294386842
4294390982
4294390986
4294390987
4294390988
4294390989
4294390990
4294392534
4294392537
4294392539
4294392540
4294392544
4294392545
4294392546
4294392547
4294392548
4294392549
4294392550
4294392552
4294392553
4294392554
4294392556
4294392558
4294392560
4294395576
4294395577
4294395578
4294395581
4294395582
4294395584
4294395585
4294395586
4294395587
4294395588
4294395592
4294395594
4294395603
4294395604
4294395606
4294395608
4294395610
4294395612
4294395613
4294395614
4294397150
4294397152
4294398475
4294398476
4294398479
4294398480
4294398482
4294398484
4294398485
4294398486
4294398487
4294398488
4294398489
4294398490
4294398491
4294398492
4294398494
4294400563
4294400564
4294400565
4294400566
4294400567
4294400568
4294400569
4294400570
4294400571
4294402458
4294402477
4294402478
4294402479
4294402483
4294402489
4294402491
4294402492
4294402497
4294402498
4294402500
4294402502
4294402503
4294402504
4294402505
4294402506
4294402507
4294402508
4294402513
4294402514
4294402516
4294402517
4294402521
4294402524
4294402527
4294402531
4294402532
4294402533
4294402534
4294402535
4294402536
4294402537
4294402539
4294402540
4294402541
4294402542
4294402546
4294402547
4294402548
4294402549
4294402550
4294402555
4294408747
4294410354
4294410357
4294410359
4294410360
4294410361
4294410362
4294410364
4294410365
4294410366
4294410367
4294410368
4294410369
4294410371
4294410374
4294410375
4294410376
4294410377
4294410378
4294410379
4294410380
4294410381
4294410382
4294410383
4294410385
4294410386
4294414306
4294414309
4294414310
4294414314
4294414315
4294414317
4294414318
4294414319
4294414320
4294414327
4294414328
4294414331
4294414333
4294414335
4294414336
4294414337
4294414338
4294415637
4294415638
4294415639
4294415641
4294415642
4294415644
4294415648
4294415650
4294415652
4294415653
4294415666
4294415668
4294415669
4294415670
4294415671
4294415672
4294415673
4294415674
4294415675
4294415676
4294415677
4294415678
4294415679
4294415680
4294415681
4294415682
4294415683
4294415684
4294415685
4294416310
4294416311
4294416631
4294417346
4294417347
4294417351
4294417352
4294417353
4294417354
4294417355
4294417356
4294417357
4294417358
4294417360
4294417361
4294417363
4294417366
4294417371
4294417372
4294417373
4294417374
4294417377
4294417378
4294417379
4294417381
4294417382
4294417383
4294417384
4294417385
4294417386
4294417387
4294417388
4294417390
4294417391
4294417392
4294417400
4294417401
4294417402
4294417403
4294417404
4294417405
4294417406
4294417407
4294417408
4294417409
4294417410
4294417411
4294417412
4294417416
4294417418
4294417420
4294417421
4294417422
4294417423
4294417424
4294417425
4294417426
4294417428
4294417429
4294417430
4294417431
4294417432
4294417433
4294417434
4294417435
4294417437
4294417438
4294417439
4294417442
4294417445
4294418630
4294418631
4294418633
4294418634
4294418635
4294418636
4294418655
4294418657
4294418662
4294418664
4294418665
4294418669
4294418670
4294418677
4294418680
4294418684
4294418687
4294418691
4294418698
4294418699
4294418700
4294418701
4294425040
4294425041
4294425042
4294425045
4294425046
4294425049
4294425051
4294425052
4294425053
4294425054
4294425055
4294425057
4294441995
4294441998
4294442003
4294442004
4294442005
4294462233
4294462234
4294462235
4294462236
4294462238
4294462239
4294462240
4294462241
4294482070
4294482071
4294482072
4294482081
4294482086
4294482087
4294482089
4294482090
4294482094
4294482095
4294482096
4294482097
4294482098
4294482100
4294482101
4294482104
4294482105
4294482106
4294482107
4294482109
4294506723
4294506725
4294506726
4294506728
4294506729
4294506730
4294506732
4294506734
4294506735
4294506736
4294506737
4294506738
4294506739
4294506740
4294506742
4294506743
4294506744
4294506745
4294506746
4294506748
4294506752
4294506753
4294506754
4294506755
4294506756
4294506759
4294506766
4294506767
4294506768
4294506769
4294506770
4294506778
4294506781
4294506782
4294506783
4294506785
4294506791
4294506811
4294506812
4294506813
4294506814
4294506819
4294506821
4294512205
4294512206
4294512207
4294512208
4294512210
4294512211
4294512213
4294512214
4294512215
4294512218
4294512226
4294512231
4294512233
4294512235
4294512237
4294512238
4294512241
4294512245
4294512247
4294512248
4294512249
4294512255
4294512256
4294512257
4294512258
4294512259
4294512260
4294512261
4294512262
4294512263
4294512268
4294512269
4294512270
4294512272
4294512276
4294512282
4294512283
4294512286
4294512288
4294512289
4294512290
4294512292
4294512304
4294512305
4294512306
4294512307
4294512309
4294512310
4294512311
4294512312
4294512313
4294512314
4294512315
4294512316
4294512317
4294512318
4294512319
4294512320
4294512322
4294512323
4294512324
4294512325
4294512326
4294512327
4294512328
4294512329
4294512330
4294512331
4294512333
4294512334
4294512335
4294512336
4294512342
4294512344
4294512345
4294512347
4294515323
4294515325
4294515326
4294515327
4294515328
4294515329
4294515331
4294515332
4294515333
4294515334
4294515335
4294515352
4294515355
4294515358
4294515360
4294515361
4294515362
4294515363
4294515364
4294515365
4294515366
4294515367
4294515368
4294515370
4294515371
4294515372
4294515373
4294515374
4294515375
4294515376
4294515377
4294515378
4294515379
4294515380
4294515382
4294515383
4294515384
4294515385
4294515386
4294515387
4294515389
4294515390
4294515391
4294515392
4294515398
4294515400
4294515403
4294515409
4294515412
4294515413
4294515414
4294515415
4294515416
4294515419
4294515426
4294515431
4294518218
4294518221
4294518225
4294518226
4294518227
4294518228
4294518229
4294518230
4294518233
4294518234
4294518235
4294518236
4294518237
4294518238
4294518239
4294518243
4294518246
4294518249
4294518252
4294518253
4294518278
4294518279
4294518280
4294518281
4294518282
4294518284
4294518288
4294518309
4294518310
4294518313
4294518314
4294518315
4294518316
4294518317
4294518318
4294518319
4294518321
4294518322
4294518331
4294518335
4294524183
4294524184
4294524185
4294524187
4294524188
4294524189
4294524190
4294524338
4294524340
4294524345
4294524350
4294524353
4294524355
4294524358
4294524360
4294524363
4294524365
4294524366
4294524367
4294524368
4294524370
4294524376
4294524377
4294526351
4294526352
4294526354
4294526357
4294526358
4294526360
4294526362
4294526363
4294526365
4294526366
4294526368
4294526372
4294526373
4294526375
4294526378
4294526396
4294526398
4294526399
4294526400
4294526401
4294526402
4294526408
4294526420
4294526421
4294526422
4294526424
4294526427
4294526429
4294542194
4294542196
4294542197
4294542198
4294542199
4294542205
4294542207
4294542209
4294542210
4294542211
4294542212
4294542213
4294542214
4294542215
4294542216
4294542219
4294542236
4294542237
4294542238
4294542240
4294542242
4294542254
4294542255
4294542256
4294542257
4294546091
4294546094
4294546097
4294546102
4294546108
4294546114
4294546123
4294546129
4294546138
4294546152
4294546155
4294546159
4294546160
4294546161
4294546162
4294546165
4294546168
4294546170
4294546171
4294546172
4294546179
4294546180
4294546184
4294546188
4294546189
4294546190
4294546192
4294546211
4294546212
4294546213
4294546223
4294546224
4294546226
4294546232
4294546234
4294546237
4294546240
4294546243
4294546246
4294546249
4294546254
4294546257
4294546261
4294546264
4294546266
4294546270
4294559255
4294559256
4294559258
4294559259
4294559261
4294559262
4294559264
4294565962
4294565964
4294565967
4294565968
4294565970
4294565983
4294565984
4294565985
4294565986
4294565988
4294565991
4294565995
4294565999
4294566000
4294566002
4294566015
4294566026
4294566028
4294566029
4294566030
4294566032
4294566033
4294566034
4294566036
4294566040
4294566041
4294580311
4294580324
4294580325
4294580327
4294580328
4294580329
4294580330
4294580331
4294580332
4294580337
4294580343
4294580344
4294580350
4294586658
4294586660
4294586666
4294586669
4294586673
4294586674
4294586675
4294586676
4294586689
4294586690
4294586691
4294586692
4294586693
4294586694
4294586695
4294586696
4294586697
4294586698
4294586699
4294586700
4294586701
4294586714
4294586715
4294586719
4294586720
4294586722
4294586723
4294586729
4294598963
4294598964
4294598965
4294598966
4294598974
4294598977
4294598978
4294598979
4294598981
4294598982
4294598984
4294598987
4294598990
4294598991
4294598992
4294598993
4294598994
4294598995
4294598996
4294598997
4294598998
4294599008
4294599009
4294599010
4294599011
4294599012
4294599013
4294599015
4294599016
4294599017
4294599018
4294599019
4294599020
4294599021
4294599022
4294599023
4294599024
4294599025
4294599026
4294599027
4294599031
4294599033
4294599034
4294599035
4294599037
4294599038
4294599039
4294599040
4294599041
4294599042
4294599044
4294599045
4294599049
4294599050
4294599051
4294599052
4294599053
4294599054
4294599057
4294599058
4294599059
4294599060
4294599061
4294599062
4294599063
4294599064
4294599065
4294599066
4294599067
4294599068
4294599069
4294599070
4294599073
4294599074
4294599075
4294599076
4294599077
4294599078
4294599079
4294599082
4294599083
4294599084
4294599085
4294599086
4294599087
4294599088
4294599090
4294599098
4294606015
4294606021
4294606022
4294606023
4294606024
4294606025
4294606033
4294606034
4294606035
4294606036
4294606037
4294607587
4294607589
4294607590
4294607591
4294607593
4294607594
4294607595
4294607597
4294607598
4294607599
4294607601
4294607602
4294607603
4294607604
4294607605
4294607607
4294607608
4294607609
4294607610
4294607611
4294607612
4294607613
4294607615
4294607618
4294607623
4294607624
4294607628
4294607633
4294607634
4294607641
4294607642
4294607643
4294607644
4294607646
4294607648
4294607649
4294607650
4294607651
4294607653
4294607654
4294607655
4294607656
4294607668
4294607669
4294607673
4294607674
4294607676
4294607678
4294607682
4294607683
4294607684
4294607685
4294607687
4294607688
4294607690
4294607691
4294607692
4294607693
4294607694
4294607696
4294607697
4294607699
4294607700
4294607702
4294607703
4294607706
4294607707
4294607708
4294607709
4294607710
4294607712
4294607713
4294607715
4294607718
4294607722
4294607724
4294607725
4294607728
4294607729
4294607731
4294607733
4294607734
4294607736
4294607737
4294607739
4294607742
4294607745
4294607747
4294607748
4294607750
4294607752
4294607755
4294607757
4294607758
4294607759
4294607760
4294607761
4294607762
4294607763
4294607765
4294607766
4294607767
4294607768
4294607770
4294607772
4294607774
4294607776
4294607777
4294607779
4294607782
4294607785
4294607788
4294607791
4294607793
4294607794
4294607795
4294607797
4294607798
4294607799
4294607800
4294607802
4294607804
4294607806
4294607807
4294607808
4294607810
4294607811
4294607812
4294607813
4294607814
4294607815
4294607816
4294607818
4294607819
4294607820
4294607821
4294607822
4294607823
4294607824
4294607825
4294607826
4294607830
4294607831
4294607832
4294607836
4294607840
4294607842
4294607843
4294607844
4294607846
4294607847
4294607849
4294607850
4294607851
4294607855
4294607856
4294607857
4294607858
4294607859
4294607861
4294607862
4294607863
4294607864
4294607866
4294607870
4294607872
4294607873
4294607874
4294608591
4294608592
4294608600
4294608603
4294608614
4294610138
4294610140
4294610142
4294610143
4294610144
4294610145
4294610146
4294610147
4294610148
4294610151
4294610152
4294610153
4294610154
4294610202
4294610203
4294610207
4294610208
4294610209
4294610210
4294610211
4294610212
4294610213
4294610214
4294610215
4294610216
4294610217
4294610218
4294610219
4294610220
4294610222
4294610223
4294610224
4294610228
4294610230
4294610231
4294610234
4294610235
4294610236
4294610237
4294610238
4294610240
4294610241
4294610242
4294610243
4294610244
4294610245
4294610246
4294610247
4294610252
4294610254
4294610255
4294610256
4294610258
4294610259
4294610260
4294610266
4294610267
4294610269
4294610270
4294610271
4294610272
4294610273
4294610275
4294610276
4294610278
4294610279
4294610280
4294610282
4294610283
4294610284
4294610285
4294610286
4294610295
4294610300
4294610301
4294610302
4294610303
4294610304
4294610305
4294610308
4294610311
4294610313
4294610315
4294610316
4294610317
4294610318
4294610319
4294610324
4294610328
4294610330
4294610337
4294610338
4294610339
4294610340
4294610341
4294610342
4294610343
4294610344
4294610345
4294610347
4294610349
4294610350
4294610355
4294610356
4294610357
4294610359
4294610360
4294610361
4294610362
4294610363
4294610364
4294610365
4294610370
4294610371
4294610373
4294610374
4294610375
4294610376
4294610378
4294610379
4294610380
4294610381
4294610382
4294610384
4294610385
4294610386
4294610387
4294610388
4294610391
4294610392
4294610396
4294610397
4294610398
4294610399
4294610408
4294610411
4294610418
4294610420
4294610422
4294610423
4294610424
4294610441
4294610442
4294610443
4294610444
4294610445
4294610446
4294610447
4294610448
4294610449
4294610451
4294610452
4294610453
4294610454
4294610455
4294610457
4294610462
4294610464
4294610469
4294610470
4294610472
4294610476
4294610478
4294610479
4294610480
4294610481
4294610483
4294610484
4294610485
4294610486
4294610487
4294610488
4294610490
4294610491
4294610493
4294610495
4294610496
4294610497
4294610499
4294610501
4294610504
4294610505
4294610508
4294610510
4294610512
4294610530
4294610534
4294610542
4294610546
4294610547
4294610548
4294610549
4294610550
4294610555
4294610556
4294610569
4294610570
4294610572
4294610574
4294610575
4294610578
4294610585
4294610586
4294610587
4294610588
4294610589
4294612447
4294612448
4294612449
4294612451
4294612454
4294612455
4294612456
4294612457
4294612458
4294612459
4294612460
4294612461
4294612462
4294612464
4294612466
4294612468
4294612469
4294612470
4294612472
4294612473
4294612474
4294612475
4294612476
4294612477
4294612478
4294612479
4294612480
4294612481
4294612483
4294612484
4294612485
4294612486
4294612487
4294612488
4294612489
4294612490
4294612491
4294612492
4294612514
4294612516
4294612517
4294612518
4294612519
4294612522
4294612523
4294612524
4294612525
4294612527
4294612528
4294612529
4294612530
4294612531
4294612532
4294612534
4294612538
4294612539
4294612540
4294612541
4294612542
4294612543
4294612566
4294612567
4294612568
4294612569
4294612570
4294612571
4294612572
4294612573
4294612574
4294612575
4294612576
4294612577
4294612578
4294612579
4294612583
4294612584
4294612585
4294612587
4294612592
4294612593
4294612594
4294612595
4294612599
4294612600
4294612601
4294612602
4294612603
4294612604
4294612605
4294612606
4294612607
4294612608
4294612615
4294612623
4294612628
4294612629
4294612634
4294612635
4294612637
4294612638
4294612639
4294612640
4294612642
4294612645
4294612646
4294612648
4294612649
4294612651
4294612652
4294612653
4294612656
4294612659
4294612661
4294612662
4294612663
4294612664
4294612665
4294612666
4294612667
4294612668
4294612669
4294612670
4294612672
4294612674
4294612675
4294612678
4294612679
4294612680
4294612681
4294612682
4294612683
4294612687
4294612689
4294612690
4294612691
4294612692
4294612693
4294612695
4294612696
4294612697
4294612698
4294612700
4294612701
4294612702
4294612703
4294612704
4294612705
4294612706
4294612707
4294612708
4294612709
4294612712
4294612713
4294612714
4294612715
4294612716
4294612717
4294612718
4294612719
4294612720
4294612721
4294612722
4294612723
4294612724
4294612725
4294612726
4294612727
4294612728
4294612729
4294612730
4294612731
4294612732
4294612734
4294612735
4294612736
4294612737
4294612738
4294612739
4294612740
4294612741
4294612742
4294612744
4294612745
4294612746
4294612747
4294612748
4294612749
4294612750
4294612751
4294612753
4294612755
4294612757
4294612759
4294612760
4294612761
4294612762
4294612763
4294612764
4294612766
4294612769
4294612770
4294612771
4294612772
4294612773
4294612778
4294612779
4294612780
4294612782
4294612784
4294612785
4294612786
4294612787
4294612788
4294612789
4294612790
4294612793
4294612824
4294612834
4294612835
4294612836
4294612837
4294612838
4294612841
4294612842
4294612843
4294612844
4294612845
4294612847
4294612848
4294612849
4294612850
4294612851
4294612853
4294612854
4294612856
4294612857
4294612859
4294612860
4294612861
4294612862
4294612863
4294612864
4294612865
4294612866
4294612867
4294612871
4294612873
4294618078
4294618084
4294618085
4294618086
4294618087
4294618088
4294618089
4294618099
4294618103
4294618115
4294620965
4294620967
4294620968
4294620969
4294620971
4294620972
4294620973
4294620974
4294620975
4294624209
4294625944
4294625945
4294625947
4294625950
4294625952
4294625955
4294625956
4294625957
4294633088
4294633089
4294633094
4294633095
4294633096
4294633168
4294633169
4294633170
4294633171
4294633172
4294639561
4294639562
4294639563
4294639566
4294639574
4294639575
4294639577
4294639583
4294639584
4294639585
4294639595
4294639609
4294639610
4294639613
4294639614
4294639615
4294639616
4294639617
4294639618
4294639619
4294639621
4294639622
4294641539
4294641546
4294641547
4294641551
4294641552
4294641553
4294641554
4294641555
4294641557
4294641558
4294641559
4294641560
4294641561
4294641562
4294641563
4294641567
4294641568
4294641569
4294641570
4294641571
4294641572
4294641573
4294641574
4294642644
4294642646
4294642647
4294642648
4294642649
4294642652
4294642653
4294642654
4294642655
4294642657
4294642658
4294642659
4294642674
4294642675
4294642676
4294642677
4294642679
4294642680
4294642682
4294644563
4294644564
4294644648
4294644649
4294644650
4294644660
4294644666
4294644681
4294644684
4294644689
4294644694
4294644698
4294644699
4294644701
4294644702
4294644703
4294644705
4294644709
4294644714
4294644723
4294644739
4294644756
4294644772
4294644775
4294644776
4294644777
4294644779
4294644780
4294644781
4294644783
4294644785
4294644788
4294644789
4294644793
4294644795
4294644797
4294644798
4294644799
4294644800
4294644808
4294644809
4294644810
4294644811
4294644820
4294644821
4294644886
4294644890
4294644893
4294644901
4294644902
4294644905
4294644907
4294644908
4294644910
4294644914
4294644915
4294644917
4294644918
4294644920
4294644921
4294644922
4294644923
4294644925
4294644927
4294644939
4294644940
4294644941
4294644942
4294644943
4294644944
4294644945
4294644946
4294644947
4294644948
4294644951
4294644952
4294644953
4294644954
4294644955
4294644957
4294644960
4294644967
4294648500
4294648511
4294648512
4294648513
4294653716
4294653717
4294653718
4294653861
4294653863
4294653864
4294653865
4294653866
4294653867
4294653868
4294653869
4294653870
4294653871
4294653877
4294653881
4294653946
4294653947
4294653948
4294653950
4294653953
4294653959
4294653960
4294653964
4294654480
4294654481
4294654482
4294654483
4294654490
4294684405
4294684413
4294684417
4294684421
4294684426
4294684441
4294684444
4294684445
4294684446
4294684449
4294684459
4294684460
4294684461
4294687709
4294687711
4294687713
4294687722
4294687723
4294690585
4294690586
4294690587
4294690601
4294690606
4294690615
4294692213
4294692215
4294696041
4294696042
4294696044
4294696045
4294696046
4294696047
4294696048
4294696063
4294696736
4294696738
4294696739
4294696740
4294696742
4294696743
4294696745
4294696746
4294696747
4294696748
4294696749
4294696750
4294698949
4294698953
4294698954
4294698956
4294698958
4294698959
4294700943
4294700944
4294700945
4294701437
4294702509
4294702511
4294702513
4294702514
4294702896
4294707736
4294707737
4294707741
4294707743
4294707745
4294707747
4294707750
4294707756
4294707757
4294707758
4294707760
4294707762
4294707763
4294707765
4294707766
4294707874
4294707876
4294707877
4294707879
4294707881
4294707924
4294707925
4294707926
4294707928
4294710779
4294710780
4294710790
4294710793
4294710797
4294710832
4294710838
4294710844
4294710847
4294710850
4294710853
4294710855
4294710856
4294710858
4294710869
4294710875
4294710887
4294710900
4294710901
4294710902
4294710905
4294710907
4294710908
4294710912
4294710913
4294710926
4294710931
4294710936
4294710940
4294710941
4294710943
4294710946
4294710948
4294710949
4294710950
4294710952
4294710953
4294710954
4294710956
4294710958
4294710959
4294710960
4294710965
4294710966
4294710969
4294710971
4294710983
4294710985
4294710991
4294710992
4294710993
4294710994
4294710995
4294710996
4294711002
4294711012
4294711014
4294711015
4294711017
4294711018
4294711020
4294711021
4294711023
4294711024
4294711025
4294711026
4294711027
4294711028
4294711030
4294711031
4294711032
4294711033
4294711034
4294711038
4294711039
4294711042
4294711043
4294711044
4294711046
4294711047
4294711068
4294711070
4294711073
4294711074
4294711076
4294711077
4294711078
4294711082
4294711083
4294711084
4294711085
4294711086
4294711087
4294711089
4294711090
4294711094
4294711095
4294711096
4294711098
4294711099
4294711101
4294711102
4294711103
4294711104
4294711106
4294711109
4294711110
4294711112
4294711113
4294711114
4294711119
4294711120
4294711121
4294711122
4294711125
4294711126
4294711127
4294711128
4294713148
4294713161
4294713162
4294713176
4294713224
4294713226
4294713227
4294713228
4294713229
4294713231
4294713240
4294713241
4294713242
4294713243
4294713244
4294713245
4294713246
4294713247
4294713255
4294713256
4294713276
4294713277
4294713278
4294713279
4294713280
4294715681
4294715684
4294715710
4294715714
4294715716
4294715728
4294715731
4294715745
4294715746
4294715772
4294715773
4294715775
4294715781
4294715786
4294715788
4294715790
4294715792
4294715793
4294715794
4294715795
4294715797
4294715798
4294715799
4294715800
4294715801
4294715802
4294715803
4294715805
4294715808
4294719505
4294719596
4294720379
4294720403
4294721048
4294722431
4294722437
4294722447
4294722450
4294722451
4294722452
4294722453
4294722454
4294722456
4294722457
4294722460
4294722463
4294722464
4294722465
4294722474
4294722475
4294722476
4294722477
4294722478
4294722480
4294722483
4294722485
4294722493
4294722551
4294722552
4294722553
4294722554
4294722558
4294722559
4294722560
4294724035
4294729322
4294729323
4294729338
4294729344
4294729346
4294729355
4294729358
4294729359
4294729360
4294729370
4294729373
4294729393
4294729398
4294729401
4294729403
4294729404
4294729405
4294729406
4294729407
4294729409
4294729411
4294729413
4294729414
4294729417
4294730926
4294735654
4294735655
4294735661
4294735668
4294735689
4294735693
4294735696
4294736331
4294736332
4294736334
4294736342
4294736343
4294736344
4294737134
4294737136
4294737155
4294737156
4294737158
4294737160
4294737161
4294737162
4294737170
4294737172
4294737174
4294737175
4294737177
4294737178
4294737179
4294737205
4294737208
4294737211
4294737212
4294737213
4294737227
4294737228
4294737230
4294737231
4294737233
4294737235
4294737249
4294737256
4294737274
4294737283
4294737291
4294737299
4294737300
4294737304
4294742218
4294742226
4294742227
4294745047
4294745067
4294747124
4294747137
4294749561
4294753234
4294753260
4294753261
4294753274
4294753284
4294753289
4294753292
4294753293
4294753787
4294753788
4294753790
4294753791
4294753792
4294753793
4294753795
4294753797
4294753798
4294753799
4294753800
4294753801
4294753802
4294753803
4294753804
4294753806
4294753808
4294753809
4294760725
4294761653
4294761659
4294761676
4294761681
4294761682
4294761683
4294761688
4294761690
4294761691
4294761692
4294761693
4294761694
4294761695
4294761696
4294761699
4294761702
4294763912
4294763914
4294763915
4294763916
4294763917
4294765050
4294765309
4294765322
4294765323
4294765324
4294765332
4294765333
4294765334
4294765335
4294765344
4294765360
4294765372
4294765373
4294765374
4294765375
4294766237
4294766248
4294766336
4294766337
4294766338
4294766339
4294769459
4294769465
4294769467
4294769468
4294769469
4294769470
4294769471
4294769478
4294769479
4294769481
4294769482
4294769483
4294770531
4294770534
4294770537
4294770538
4294770549
4294770550
4294770557
4294772290
4294772291
4294772292
4294772293
4294772294
4294772295
4294772298
4294772300
4294772301
4294772358
4294772359
4294772360
4294772361
4294772364
4294772365
4294772367
4294772368
4294772369
4294772370
4294772371
4294773324
4294773819
4294774681
4294774689
4294775312
4294775786
4294775787
4294775788
4294775790
4294777201
4294777204
4294777205
4294777206
4294778723
4294778726
4294778727
4294781308
4294788929
4294789497
4294789499
4294791297
4294791544
4294794067
4294796261
4294796687
4294798222
4294798223
4294798224
4294798225
4294798229
4294798237
4294798245
4294798246
4294798247
4294800140
4294801215
4294801852
4294801853
4294806353
4294806360
4294806361
4294806362
4294809119
4294809479
4294809480
4294809481
4294809482
4294810201
4294810320
4294813344
4294813345
4294813349
4294813352
4294813353
4294813354
4294813355
4294813361
4294820777
4294820778
4294820779
4294821947
4294821950
4294821951
4294821952
4294821970
4294821971
4294821972
4294822002
4294822003
4294822020
4294822030
4294822034
4294822035
4294822036
4294822043
4294822049
4294822051
4294822069
4294822072
4294822073
4294825283
4294830396
4294856493
4294856495
4294856496
4294856525
4294856526
4294856527
4294856531
4294856532
4294856533
4294856551
4294856640
4294856641
4294856642
4294856643
4294856644
4294856653
4294856654
4294856655
4294856700
4294856702
4294856703
4294856705
4294856755
4294856759
4294856763
4294856885
4294856886
4294856887
4294857028
4294857034
4294857035
4294857147
4294857204
4294857208
4294857472
4294857473
4294857564
4294857566
4294857568
4294857572
4294857573
4294857574
4294857575
4294857576
4294857577
4294857578
4294857579
4294857580
4294857581
4294857582
4294857583
4294857584
4294857586
4294857588
4294857589
4294857613
4294857623
4294857624
4294857627
4294857628
4294857632
4294857647
4294857653
4294857654
4294857655
4294857656
4294857660
4294857661
4294857689
4294857690
4294857695
4294857700
4294857701
4294857702
4294857703
4294857704
4294857705
4294857708
4294857717
4294857718
4294857752
4294857902
4294857903
4294857904
4294857922
4294857923
4294857924
4294857925
4294857929
4294857930
4294857931
4294857932
4294857933
4294857934
4294857937
4294857950
4294857951
4294857952
4294857957
4294857958
4294857959
4294857961
4294857962
4294857963
4294857970
4294857973
4294857975
4294857976
4294857977
4294857979
4294857980
4294857981
4294858019
4294858020
4294858023
4294858024
4294858043
4294858044
4294858045
4294858055
4294858060
4294858074
4294858075
4294858105
4294858106
4294858108
4294858110
4294858147
4294858148
4294858150
4294858178
4294858190
4294858282
4294858283
4294858286
4294858296
4294858303
4294858304
4294858356
4294858357
4294858359
4294859000
4294859004
4294859016
4294859018
4294859046
4294859051
4294859077
4294859078
4294859079
4294859099
4294864808
4294865564
4294865658
4294865740
4294865774
4294865824
4294871150
4294871151
4294871153
4294871158
4294896167
4294925567
4294925630
4294925659
4294925668
4294925669
4294929280
4294929669
4294929691
4294934154
4294934230
4294934233
4294934297
4294934338
4294934401
4294934403
4294934542
4294934557
4294934560
4294935484
4294935637
4294935753
4294935833
4294936564
4294936606
4294936608
4294936623
4294936624
4294937086
4310288566124
4310288899825
4310427733908
4310428210234
4310989777387
4311586967629
4312142519065
4320299183206
4320441399689
4321801719505
4321851016717
4322011570608
432531864
438768657
4411339667632
4411420327321
4411596860529
4420053839282
4420371379292
4420891652082
4421842131104
4421995849371
446945600
448126124
4510067261223
4510699994588
4510764490238
4511343798857
4511399610706
4520396008299
4520725463353
4521142640666
4521250044138
4522130468649
454888022
4611783562174
4611948850790
4620321246971
4620418072355
4621875329492
46642357
4710261904686
4710828073441
471855453
4721673377127
4722036891391
476401108
479649473
4810523462016
4811076396966
483599230
4911770552234
491896866
4920114253340
4921445924788
4921792089844
498503499
5010651713951
5011002071215
5021966674155
507421650
509304894
509604447
5120649835546
5121292475944
5121442371647
5210035041077
5210443769222
5220244945727
5220272911825
5220911236500
522486317
523760427
525528827
536545200
537872457
539566674
5420197305370
5420225598468
5421151354765
5421303349249
542366694
548402416
554129471
555679654
567158217
567192500
571111194
57608213
588071895
610084943
611625339713
61744334
6211139717570
622361159
634800940
640979041
647143737
665276096
673904248
682129540
686409227
688954782
693130272
698578125
706284871
718800786
721068286897
722931647
728402067
735296214
739606127
751413869
754758131
760377631
761937993
778128516
778325488
789958582
792641124
79613692
797512282
816127281
82490080
829964890
835023917
840381338
848131183
853239895
853567389
855642652
858005856
861738257
861762907
86862992
871465582
878407644
879681074
889299008
89341247
898218425
902277247
910996700
913806706
914756848
923417642
925015096
935712216
936960893
93746539
943348432
944740343
946307085
952903120
953779431
959070602
959458694
983381659
983676656
990127039
